
165
168
168
169
164
0
0
552
0
172
173
114
182
181
174
13
37
208
204
206
190
7
241
277
278
278
296
305
297
287
277
272
270
252
248
245
243
239
239
236
239
245
258
262
270
275
279
280
281
283
283
285
288
299
322
324
309
301
280
272
290
293
296
304
311
334
327
307
288
277
292
297
121
0
0
25
26
0
178
229
222
0
0
0
0
156
175
181
184
185
210
201
188
166
163
180
185
187
186
192
205
230
237
230
215
213
192
186
192
217
223
221
224
225
228
225
238
243
240
250
249
249
248
247
246
246
240
239
245
246
255
252
254
254
253
273
280
277
272
269
268
271
270
270
271
270
271
269
271
271
270
271
288
294
288
275
269
266
245
239
246
256
256
242
253
254
254
262
261
261
259
260
256
259
255
255
254
257
268
272
276
278
282
280
277
283
284
280
268
266
271
271
284
302
306
314
322
330
335
339
336
336
354
362
358
356
353
346
337
335
350
355
361
365
360
85
0
0
0
